
# Camera and high-rate IMU extrinsic and intrisic parameters, as used by VINS-Mono

# # Equidistant model
model_type: KANNALA_BRANDT
camera_name: camera
image_width: 752
image_height: 480
projection_parameters:
   k2: -0.007054279635535503
   k3: -0.013010999471709818
   k4: 0.007672805064263297
   k5: -0.0034608152598251778
   mu: 218.62328342963636
   mv: 218.84544019573178
   u0: 374.186243114997
   v0: 203.57046644527676

# Extrinsic parameter between IMU and Camera.
# Rotation from camera frame to imu frame, imu^R_cam
extrinsicRotation: !!opencv-matrix
   rows: 3
   cols: 3
   dt: d
   data: [1.0, 0.0, 0.0,
          0.0, 1.0, 0.0,
          0.0, 0.0, 1.0]
# Translation from camera frame to imu frame, imu^T_cam
extrinsicTranslation: !!opencv-matrix
   rows: 3
   cols: 1
   dt: d
   data: [ 0.0, 0.0, 0.007]

